   Atom                     Volume(s)
  ------------------------------------------------------------------------
     1   ...     703  704  751  755  756  757  760  761  800  820  860  915  923  930  951  952  959  960  997  998  999 1000 1001 1002 1020 1029 1076 1077 1078 1079 1080 1081 1082 1110 1111 1112 1161 1162 1163 1164 1220 1224 1225 1233 1234 1359 1365 1400 1410 1412 1453 1477 1544 1571 1575 1648 1650 1678 1771 1772 1773 1775 1792 1793 1795 1903 1947 1948 2013 2129 2160 2189 2230 2253 2280 2300 2328 2360 2407
     2   ...    2866 2867 2914 2918 2919 2920 2923 2924 2963 2983 3023 3078 3086 3093 3114 3115 3122 3123 3160 3161 3162 3163 3164 3165 3183 3192 3239 3240 3241 3242 3243 3244 3245 3273 3274 3275 3324 3325 3326 3327 3383 3387 3388 3396 3397 3522 3528 3563 3573 3575 3616 3640 3707 3734 3738 3811 3813 3841 3934 3935 3936 3938 3955 3956 3958 4066 4110 4111 4176 4292 4323 4352 4393 4416 4443 4463 4491 4523 4570
     3   ...    5029 5030 5077 5081 5082 5083 5086 5087 5126 5146 5186 5241 5249 5256 5277 5278 5285 5286 5323 5324 5325 5326 5327 5328 5346 5355 5402 5403 5404 5405 5406 5407 5408 5436 5437 5438 5487 5488 5489 5490 5546 5550 5551 5559 5560 5685 5691 5726 5736 5738 5779 5803 5870 5897 5901 5974 5976 6004 6097 6098 6099 6101 6118 6119 6121 6229 6273 6274 6309 6386 6403 6414 6423 6432 6441 6448 6456 6465 6474
     4   ...      11   12   13   14   15   16   17   18   19   20   21   22  118  129  130  134  156  157  158  181  182  202  203  204  226  227  232  245  246  258  299  300  301  302  316  322  331  339  342  346  349  352  355  359  362  365  368  377  387  398  753  808  831  853  866  873  889  904  931 1036 1185 6292 6310 6311 6312 6313 6319 6333 6341 6366 6469 6478
     5   ...    1955 1972 1993 2016 2017 2018 2019 2020 2026 2049 2063 2093 2150 2178 2179 2237 2243 2260 2285 2293 2367 2370 2420 2425 2426 2484 2487 2513 2520 2522 2526 2542 2543 2545 2548 2552 2557 2580 2584 2593 2599 2601 2615 2617 2618 2621 2683 2686 2699 2703 2704 2747 2748 2760 2787 2794 2795 2796 2798 2799 2801 2916 2971 2994 3016 3029 3036 3052 3067 3094 3199 3348
     6   ...    4118 4135 4156 4179 4180 4181 4182 4183 4189 4212 4226 4256 4313 4341 4342 4400 4406 4423 4448 4456 4530 4533 4583 4588 4589 4647 4650 4676 4683 4685 4689 4705 4706 4708 4711 4715 4720 4743 4747 4756 4762 4764 4778 4780 4781 4784 4846 4849 4862 4866 4867 4910 4911 4923 4950 4957 4958 4959 4961 4962 4964 5079 5134 5157 5179 5192 5199 5215 5230 5257 5362 5511
     7   ...     713  738  740  742  765  794  796  805  849  854  874  890  918  934  936  937  972  973  976 1039 1040 1041 1042 1043 1044 1054 1055 1056 1057 1125 1126 1127 1128 1129 1130 1145 1183 1184 1186 1191 1250 1251 1264 1265 1331 1332 1492 1522 1596 1597 1620 1621 1623 1703 1707 1738 1741 1838 1841 1851 1936 1937 2005 2117 2152 2180 2219 2244 2272 2295 2320 2347 2388
     8   ...    2876 2901 2903 2905 2928 2957 2959 2968 3012 3017 3037 3053 3081 3097 3099 3100 3135 3136 3139 3202 3203 3204 3205 3206 3207 3217 3218 3219 3220 3288 3289 3290 3291 3292 3293 3308 3346 3347 3349 3354 3413 3414 3427 3428 3494 3495 3655 3685 3759 3760 3783 3784 3786 3866 3870 3901 3904 4001 4004 4014 4099 4100 4168 4280 4315 4343 4382 4407 4435 4458 4483 4510 4551
     9   ...    5039 5064 5066 5068 5091 5120 5122 5131 5175 5180 5200 5216 5244 5260 5262 5263 5298 5299 5302 5365 5366 5367 5368 5369 5370 5380 5381 5382 5383 5451 5452 5453 5454 5455 5456 5471 5509 5510 5512 5517 5576 5577 5590 5591 5657 5658 5818 5848 5922 5923 5946 5947 5949 6029 6033 6064 6067 6164 6167 6177 6262 6263 6302 6378 6398 6409 6419 6429 6438 6446 6452 6462 6471
    10   ...      24   25   26   27   28   29   30   31   32   33   34   35   36  369  374  375  378  379  384  388  389  394  395  399  400  438  439  446  447  455  462  471  472  491  492  501  509  520  530  543  556  557  570  618  619  620  621  644  665  674  822  842  861  869  882  895  913  945 1072 1221 6306 6324 6325 6354 6355 6356 6357 6370 6372 6373
    11   ...    1985 2010 2035 2036 2074 2079 2080 2081 2082 2098 2102 2104 2105 2170 2171 2193 2203 2254 2264 2270 2279 2305 2315 2358 2359 2379 2384 2406 2445 2478 2511 2514 2518 2546 2549 2554 2574 2581 2594 2595 2622 2627 2635 2643 2671 2672 2711 2714 2718 2738 2740 2741 2749 2750 2761 2767 2768 2773 2819 2832 2985 3005 3024 3032 3045 3058 3076 3108 3235 3384
    12   ...    4148 4173 4198 4199 4237 4242 4243 4244 4245 4261 4265 4267 4268 4333 4334 4356 4366 4417 4427 4433 4442 4468 4478 4521 4522 4542 4547 4569 4608 4641 4674 4677 4681 4709 4712 4717 4737 4744 4757 4758 4785 4790 4798 4806 4834 4835 4874 4877 4881 4901 4903 4904 4912 4913 4924 4930 4931 4936 4982 4995 5148 5168 5187 5195 5208 5221 5239 5271 5398 5547
    13   ...     726  748  749  758  767  770  801  802  804  816  823  916  924  925  926  946  947  953  954  955  961  962  993  994 1003 1004 1005 1006 1007 1008 1086 1087 1088 1089 1090 1091 1092 1093 1094 1095 1115 1116 1167 1173 1237 1238 1361 1458 1459 1469 1470 1545 1572 1651 1653 1679 1767 1794 1900 1905 1907 2130 2161 2190 2231 2255 2281 2301 2329 2361 2408
    14   ...    2889 2911 2912 2921 2930 2933 2964 2965 2967 2979 2986 3079 3087 3088 3089 3109 3110 3116 3117 3118 3124 3125 3156 3157 3166 3167 3168 3169 3170 3171 3249 3250 3251 3252 3253 3254 3255 3256 3257 3258 3278 3279 3330 3336 3400 3401 3524 3621 3622 3632 3633 3708 3735 3814 3816 3842 3930 3957 4063 4068 4070 4293 4324 4353 4394 4418 4444 4464 4492 4524 4571
    15   ...    5052 5074 5075 5084 5093 5096 5127 5128 5130 5142 5149 5242 5250 5251 5252 5272 5273 5279 5280 5281 5287 5288 5319 5320 5329 5330 5331 5332 5333 5334 5412 5413 5414 5415 5416 5417 5418 5419 5420 5421 5441 5442 5493 5499 5563 5564 5687 5784 5785 5795 5796 5871 5898 5977 5979 6005 6093 6120 6226 6231 6233 6387 6404 6415 6424 6433 6442 6449 6457 6466 6475
    16   ...      38   39   40   41   42   43   44   45   46   47   48   49   50   90   93  101  102  110  124  139  140  162  163  185  186  207  217  228  237  248  249  304  305  306  307  333  340  343  347  350  353  356  360  363  366  370  380  390  401  811  832  855  867  875  891  905  932 1037 1187 6298 6299 6314 6320 6321 6336 6337 6338 6339 6367
    17   ...    1967 2001 2002 2021 2027 2028 2051 2056 2057 2058 2059 2094 2111 2137 2153 2168 2176 2181 2262 2284 2291 2292 2296 2311 2340 2373 2419 2429 2430 2485 2494 2515 2516 2524 2536 2538 2539 2550 2585 2586 2596 2600 2602 2604 2619 2623 2624 2628 2638 2674 2684 2687 2700 2701 2705 2743 2751 2752 2764 2974 2995 3018 3030 3038 3054 3068 3095 3200 3350
    18   ...    4130 4164 4165 4184 4190 4191 4214 4219 4220 4221 4222 4257 4274 4300 4316 4331 4339 4344 4425 4447 4454 4455 4459 4474 4503 4536 4582 4592 4593 4648 4657 4678 4679 4687 4699 4701 4702 4713 4748 4749 4759 4763 4765 4767 4782 4786 4787 4791 4801 4837 4847 4850 4863 4864 4868 4906 4914 4915 4927 5137 5158 5181 5193 5201 5217 5231 5258 5363 5513
    19   ...     714  715  739  741  773  774  775  779  806  833  876  919  920  921  935  938  974  975  979  980  981  982  983 1047 1048 1049 1050 1061 1062 1063 1064 1133 1134 1135 1136 1137 1138 1148 1188 1194 1205 1206 1335 1336 1341 1426 1437 1493 1494 1523 1524 1598 1622 1708 1742 1832 1839 1842 1847 1852 1854 2006 2118 2154 2182 2220 2246 2273 2297 2321 2348 2389
    20   ...    2877 2878 2902 2904 2936 2937 2938 2942 2969 2996 3039 3082 3083 3084 3098 3101 3137 3138 3142 3143 3144 3145 3146 3210 3211 3212 3213 3224 3225 3226 3227 3296 3297 3298 3299 3300 3301 3311 3351 3357 3368 3369 3498 3499 3504 3589 3600 3656 3657 3686 3687 3761 3785 3871 3905 3995 4002 4005 4010 4015 4017 4169 4281 4317 4345 4383 4409 4436 4460 4484 4511 4552
    21   ...    5040 5041 5065 5067 5099 5100 5101 5105 5132 5159 5202 5245 5246 5247 5261 5264 5300 5301 5305 5306 5307 5308 5309 5373 5374 5375 5376 5387 5388 5389 5390 5459 5460 5461 5462 5463 5464 5474 5514 5520 5531 5532 5661 5662 5667 5752 5763 5819 5820 5849 5850 5924 5948 6034 6068 6158 6165 6168 6173 6178 6180 6303 6379 6399 6410 6420 6430 6439 6447 6453 6463 6472
    22   ...      52   53   54   55   56   57   58   59   60   61   62   63   64  371  372  376  381  382  385  391  392  396  397  402  403  441  442  449  458  459  476  477  484  496  503  504  513  523  533  534  547  559  560  574  624  625  626  646  654  667  675  762  825  843  862  870  883  896  910  948 1073 1222 6307 6326 6327 6352 6358 6359 6371 6374 6385 6394 6444
    23   ...    1984 2011 2037 2038 2075 2076 2083 2084 2099 2103 2106 2123 2128 2145 2172 2194 2208 2225 2252 2283 2287 2289 2299 2332 2342 2385 2404 2413 2449 2517 2519 2521 2544 2547 2551 2555 2582 2636 2641 2646 2648 2665 2667 2669 2679 2680 2712 2715 2716 2717 2721 2737 2739 2742 2754 2755 2763 2769 2820 2821 2849 2852 2925 2988 3006 3025 3033 3046 3059 3073 3111 3236 3385
    24   ...    4147 4174 4200 4201 4238 4239 4246 4247 4262 4266 4269 4286 4291 4308 4335 4357 4371 4388 4415 4446 4450 4452 4462 4495 4505 4548 4567 4576 4612 4680 4682 4684 4707 4710 4714 4718 4745 4799 4804 4809 4811 4828 4830 4832 4842 4843 4875 4878 4879 4880 4884 4900 4902 4905 4917 4918 4926 4932 4983 4984 5012 5015 5088 5151 5169 5188 5196 5209 5222 5236 5274 5399 5548
    25   ...     727  728  750  759  768  769  798  799  803  817  850  914  927  928  929  949  956  957  958  995  996 1012 1013 1014 1015 1016 1017 1027 1028 1074 1097 1098 1099 1100 1101 1102 1103 1104 1105 1106 1107 1108 1118 1119 1230 1241 1242 1399 1401 1411 1413 1460 1471 1546 1573 1652 1654 1680 1683 1902 1906 2131 2162 2191 2232 2256 2282 2302 2330 2362 2409
    26   ...    2890 2891 2913 2922 2931 2932 2961 2962 2966 2980 3013 3077 3090 3091 3092 3112 3119 3120 3121 3158 3159 3175 3176 3177 3178 3179 3180 3190 3191 3237 3260 3261 3262 3263 3264 3265 3266 3267 3268 3269 3270 3271 3281 3282 3393 3404 3405 3562 3564 3574 3576 3623 3634 3709 3736 3815 3817 3843 3846 4065 4069 4294 4325 4354 4395 4419 4445 4465 4493 4525 4572
    27   ...    5053 5054 5076 5085 5094 5095 5124 5125 5129 5143 5176 5240 5253 5254 5255 5275 5282 5283 5284 5321 5322 5338 5339 5340 5341 5342 5343 5353 5354 5400 5423 5424 5425 5426 5427 5428 5429 5430 5431 5432 5433 5434 5444 5445 5556 5567 5568 5725 5727 5737 5739 5786 5797 5872 5899 5978 5980 6006 6009 6228 6232 6388 6405 6416 6425 6434 6443 6450 6458 6467 6476
    28   ...      67   68   69   70   71   72   73   74   75   76   77   78   79   91   95  104  105  114  115  145  146  168  169  189  190  209  221  230  241  252  253  264  309  310  311  312  335  341  345  348  351  354  358  361  364  367  373  383  393  404  813  834  856  868  877  892  907  933 1038 1189 6300 6301 6315 6316 6317 6318 6340 6342 6343 6344
    29   ...    1968 2003 2004 2022 2023 2024 2025 2047 2048 2060 2061 2064 2065 2066 2140 2183 2186 2217 2221 2223 2236 2241 2242 2258 2286 2309 2313 2325 2326 2346 2418 2433 2495 2523 2525 2537 2540 2589 2590 2591 2597 2598 2603 2616 2620 2625 2626 2629 2632 2639 2676 2685 2688 2689 2702 2706 2707 2756 2757 2765 2976 2997 3019 3031 3040 3055 3070 3096 3201 3352
    30   ...    4131 4166 4167 4185 4186 4187 4188 4210 4211 4223 4224 4227 4228 4229 4303 4346 4349 4380 4384 4386 4399 4404 4405 4421 4449 4472 4476 4488 4489 4509 4581 4596 4658 4686 4688 4700 4703 4752 4753 4754 4760 4761 4766 4779 4783 4788 4789 4792 4795 4802 4839 4848 4851 4852 4865 4869 4870 4919 4920 4928 5139 5160 5182 5194 5203 5218 5233 5259 5364 5515
    31   ...     693  695  710  718  743  752  795  838  880  899  939  940  984 1065 1066 1142 1151 1152 1153 1154 1155 1190 1197 1198 1199 1200 1210 1211 1212 1213 1257 1258 1259 1260 1261 1273 1274 1311 1329 1339 1340 1374 1388 1389 1427 1436 1438 1495 1525 1709 1743 1744 1833 1834 1835 1836 1840 1843 1844 1845 1846 1850 1853 1855 1858 1861 1935 2007 2067 2116 2155 2184 2222 2247 2274 2294 2322 2349 2390
    32   ...    2856 2858 2873 2881 2906 2915 2958 3001 3043 3062 3102 3103 3147 3228 3229 3305 3314 3315 3316 3317 3318 3353 3360 3361 3362 3363 3373 3374 3375 3376 3420 3421 3422 3423 3424 3436 3437 3474 3492 3502 3503 3537 3551 3552 3590 3599 3601 3658 3688 3872 3906 3907 3996 3997 3998 3999 4003 4006 4007 4008 4009 4013 4016 4018 4021 4024 4098 4170 4230 4279 4318 4347 4385 4410 4437 4457 4485 4512 4553
    33   ...    5019 5021 5036 5044 5069 5078 5121 5164 5206 5225 5265 5266 5310 5391 5392 5468 5477 5478 5479 5480 5481 5516 5523 5524 5525 5526 5536 5537 5538 5539 5583 5584 5585 5586 5587 5599 5600 5637 5655 5665 5666 5700 5714 5715 5753 5762 5764 5821 5851 6035 6069 6070 6159 6160 6161 6162 6166 6169 6170 6171 6172 6176 6179 6181 6184 6187 6261 6304 6345 6377 6400 6411 6421 6431 6440 6445 6454 6464 6473
    34   ...      81   82  386  416  423  424  429  432  433  436  460  479  499  517  525  539  551  552  578  587  588  601  614  628  629  630  631  632  649  650  655  661  670  676  677  678  679  682  684  686  687  688  763  791  818  844  863  871  884  897  911  950 1075 1223 6305 6328 6329 6353 6360 6375 6401 6413 6422 6426 6451 6461
    35   ...    1962 2009 2039 2040 2077 2085 2107 2158 2188 2229 2233 2290 2303 2304 2344 2475 2512 2556 2558 2563 2575 2576 2577 2578 2583 2634 2637 2640 2642 2645 2647 2660 2661 2666 2668 2670 2673 2732 2766 2770 2772 2774 2776 2782 2785 2788 2822 2823 2824 2825 2826 2835 2836 2843 2926 2954 2981 3007 3026 3034 3047 3060 3074 3113 3238 3386
    36   ...    4125 4172 4202 4203 4240 4248 4270 4321 4351 4392 4396 4453 4466 4467 4507 4638 4675 4719 4721 4726 4738 4739 4740 4741 4746 4797 4800 4803 4805 4808 4810 4823 4824 4829 4831 4833 4836 4895 4929 4933 4935 4937 4939 4945 4948 4951 4985 4986 4987 4988 4989 4998 4999 5006 5089 5117 5144 5170 5189 5197 5210 5223 5237 5276 5401 5549
    37   ...     412  414  418  419  421  422  425  426  427  434  451  470  488  518  519  527  540  553  554  555  566  567  579  589  590  603  604  605  616  642  653  656  663  672  673  705  706  785  819  845  864  872 6322 6395 6427 6428 6437 6484 6487
    38   ...     894  900  912 1979 2032 2147 2205 2227 2239 2240 2248 2251 2263 2265 2267 2269 2276 2277 2278 2381 2410 2444 2466 2467 2471 2476 2498 2499 2504 2565 2654 2720 2724 2734 2735 2744 2777 2783 2810 2812 2814 2816 2817 2842 2845 2868 2869 2948 2982 3008 3027 3035 3057 3063 3075
    39   ...    4142 4195 4310 4368 4390 4402 4403 4411 4414 4426 4428 4430 4432 4439 4440 4441 4544 4573 4607 4629 4630 4634 4639 4661 4662 4667 4728 4817 4883 4887 4897 4898 4907 4940 4946 4973 4975 4977 4979 4980 5005 5008 5031 5032 5111 5145 5171 5190 5198 5220 5226 5238
    40   ...     709  732  771  887  902 1030 1031 1051 1052 1053 1143 1177 1179 1201 1244 1245 1262 1307 1314 1315 1316 1317 1318 1319 1320 1321 1322 1323 1330 1372 1379 1380 1381 1382 1384 1385 1386 1417 1434 1435 1484 1497 1500 1502 1509 1510 1511 1580 1599 1601 1609 1612 1681 1682 1695 1696 1705 1717 1723 1799 1800 1801 1811 1812 1813 1814 1822 1823 1824 1825 1826 1837 1918 1932 1934 1973 1996 2041
    41   ...    2872 2895 2934 3050 3065 3193 3194 3214 3215 3216 3306 3340 3342 3364 3407 3408 3425 3470 3477 3478 3479 3480 3481 3482 3483 3484 3485 3486 3493 3535 3542 3543 3544 3545 3547 3548 3549 3580 3597 3598 3647 3660 3663 3665 3672 3673 3674 3743 3762 3764 3772 3775 3844 3845 3858 3859 3868 3880 3886 3962 3963 3964 3974 3975 3976 3977 3985 3986 3987 3988 3989 4000 4081 4095 4097 4136 4159 4204
    42   ...    5035 5058 5097 5213 5228 5356 5357 5377 5378 5379 5469 5503 5505 5527 5570 5571 5588 5633 5640 5641 5642 5643 5644 5645 5646 5647 5648 5649 5656 5698 5705 5706 5707 5708 5710 5711 5712 5743 5760 5761 5810 5823 5826 5828 5835 5836 5837 5906 5925 5927 5935 5938 6007 6008 6021 6022 6031 6043 6049 6125 6126 6127 6137 6138 6139 6140 6148 6149 6150 6151 6152 6163 6244 6258 6260 6285 6294 6330
    43   ...     405  430  435  437  445  454  461  480  481  489  490  500  507  508  528  529  541  542  568  569  580  581  591  606  617  643  657  664  787  821 6384 6407
    44   ...    1171 1235 1297 1980 1986 2122 2125 2126 2143 2173 2266 2345 2403 2440 2472 2477 2496 2500 2505 2506 2507 2560 2566 2652 2655 2677 2709 2730 2779 2811 2818 2831 2840 2950 2984 3334 3398 3460
    45   ...    4143 4149 4285 4288 4289 4306 4336 4429 4508 4566 4603 4635 4640 4659 4663 4668 4669 4670 4723 4729 4815 4818 4840 4872 4893 4942 4974 4981 4994 5003 5113 5147 5497 5561 5623
    46   ...     702  722  766  881  909  944  989  990  991 1159 1218 1391 1447 1448 1512 1513 1514 1519 1528 1536 1615 1618 1644 1649 1724 1726 1733 1750 1751 1754 1755 1763 1764 1848 1860 1863 1866 1867 1868 1869 1871 1888 1899 1938 1939 2068
    47   ...    2865 2885 2929 3044 3072 3107 3152 3153 3154 3322 3381 3554 3610 3611 3675 3676 3677 3682 3691 3699 3778 3781 3807 3812 3887 3889 3896 3913 3914 3917 3918 3926 3927 4011 4023 4026 4029 4030 4031 4032 4034 4051 4062 4101 4102 4231
    48   ...    5028 5048 5092 5207 5235 5270 5315 5316 5317 5485 5544 5717 5773 5774 5838 5839 5840 5845 5854 5862 5941 5944 5970 5975 6050 6052 6059 6076 6077 6080 6081 6089 6090 6174 6186 6189 6192 6193 6194 6195 6197 6214 6225 6264 6265 6346
    49   ...      23  119  122  131  135  136  137  148  159  160  173  174  183  194  205  213  214  233  234  259  270  271  282  290  317  324  332  777  809  836 6397 6417 6470
    50   ...    1144 1202 1263 1966 1994 2015 2135 2142 2151 2201 2202 2350 2357 2371 2391 2392 2398 2421 2427 2453 2459 2460 2461 2488 2527 2532 2535 2678 2691 2696 2710 2789 2808 2940 2972 2999 3307 3365 3426
    51   ...    4129 4157 4178 4298 4305 4314 4364 4365 4513 4520 4534 4554 4555 4561 4584 4590 4616 4622 4623 4624 4651 4690 4695 4698 4841 4854 4859 4873 4952 4971 5103 5135 5162 5470 5528 5589
    52   ...     700  746  797  908  985 1021 1022 1023 1067 1068 1083 1084 1085 1113 1114 1165 1166 1172 1226 1227 1279 1280 1281 1298 1347 1349 1350 1360 1390 1402 1404 1408 1439 1455 1461 1463 1466 1539 1540 1541 1547 1550 1552 1554 1557 1560 1625 1656 1657 1658 1664 1665 1745 1747 1748 1758 1776 1781 1862 1865 1873 1876 1881 1887 1889 1890 1891 1892 1893 1944 1963 1988 2071 2120
    53   ...    2863 2909 2960 3071 3148 3184 3185 3186 3230 3231 3246 3247 3248 3276 3277 3328 3329 3335 3389 3390 3442 3443 3444 3461 3510 3512 3513 3523 3553 3565 3567 3571 3602 3618 3624 3626 3629 3702 3703 3704 3710 3713 3715 3717 3720 3723 3788 3819 3820 3821 3827 3828 3908 3910 3911 3921 3939 3944 4025 4028 4036 4039 4044 4050 4052 4053 4054 4055 4056 4107 4126 4151 4234 4283
    54   ...    5026 5072 5123 5234 5311 5347 5348 5349 5393 5394 5409 5410 5411 5439 5440 5491 5492 5498 5552 5553 5605 5606 5607 5624 5673 5675 5676 5686 5716 5728 5730 5734 5765 5781 5787 5789 5792 5865 5866 5867 5873 5876 5878 5880 5883 5886 5951 5982 5983 5984 5990 5991 6071 6073 6074 6084 6102 6107 6188 6191 6199 6202 6207 6213 6215 6216 6217 6218 6219 6270 6283 6289 6349 6381
    55   ...      37  108  109  120  123  132  138  149  161  175  176  184  195  206  215  216  235  236  247  260  261  272  273  283  291  303  325  697  744  782  810  878 6291 6364 6435 6479 6483
    56   ...    1203 1266 1308 1375 1976 1991 2046 2091 2112 2114 2134 2195 2245 2257 2261 2307 2310 2336 2339 2353 2356 2372 2393 2394 2422 2428 2454 2462 2483 2489 2528 2530 2610 2697 2793 2802 2860 2907 2945 2973 3041 3366 3429 3471 3538
    57   ...    4139 4154 4209 4254 4275 4277 4297 4358 4408 4420 4424 4470 4473 4499 4502 4516 4519 4535 4556 4557 4585 4591 4617 4625 4646 4652 4691 4693 4773 4860 4956 4965 5023 5070 5108 5136 5204 5529 5592 5634 5701
    58   ...     691  736  793  903  970 1034 1035 1366 1373 1425 1475 1479 1562 1565 1567 1569 1577 1578 1592 1671 1674 1700 1702 1785 1791 1810 1815 1819 1827 1828 1908 1910 1912 1919 1920 1921 1922 1923 1930 1949 2086 2132
    59   ...    2854 2899 2956 3066 3133 3197 3198 3529 3536 3588 3638 3642 3725 3728 3730 3732 3740 3741 3755 3834 3837 3863 3865 3948 3954 3973 3978 3982 3990 3991 4071 4073 4075 4082 4083 4084 4085 4086 4093 4112 4249 4295
    60   ...    5017 5062 5119 5229 5296 5360 5361 5692 5699 5751 5801 5805 5888 5891 5893 5895 5903 5904 5918 5997 6000 6026 6028 6111 6117 6136 6141 6145 6153 6154 6234 6236 6238 6245 6246 6247 6248 6249 6256 6275 6361 6389
    61   ...     406  417  448  452  456  463  464  473  482  493  502  510  521  531  544  545  558  571  582  592  593  607  608  622  623  680  707  711  788  885 6323 6408 6481 6485
    62   ...    1236 1277 1351 1981 2008 2029 2033 2096 2174 2226 2250 2275 2331 2341 2363 2378 2382 2383 2411 2441 2446 2468 2479 2497 2508 2567 2650 2653 2662 2723 2725 2728 2833 2870 2874 2951 3048 3399 3440 3514
    63   ...    4144 4171 4192 4196 4259 4337 4389 4413 4438 4494 4504 4526 4541 4545 4546 4574 4604 4609 4631 4642 4660 4671 4730 4813 4816 4825 4886 4888 4891 4996 5033 5037 5114 5211 5562 5603 5677
    64   ...     730  733  764  865  966  977  978 1045 1046 1058 1059 1060 1121 1123 1131 1132 1146 1178 1180 1182 1192 1193 1246 1252 1253 1254 1303 1309 1324 1333 1334 1369 1370 1371 1376 1383 1387 1415 1418 1421 1428 1429 1432 1472 1480 1481 1482 1496 1498 1503 1506 1574 1581 1582 1583 1584 1602 1604 1606 1607 1610 1684 1687 1688 1689 1712 1714 1718 1720 1722 1797 1802 1803 1806 1807 1816 1817 1915 1916 1926 1928 1931 1933 1959 1997 2042
    65   ...    2893 2896 2927 3028 3129 3140 3141 3208 3209 3221 3222 3223 3284 3286 3294 3295 3309 3341 3343 3345 3355 3356 3409 3415 3416 3417 3466 3472 3487 3496 3497 3532 3533 3534 3539 3546 3550 3578 3581 3584 3591 3592 3595 3635 3643 3644 3645 3659 3661 3666 3669 3737 3744 3745 3746 3747 3765 3767 3769 3770 3773 3847 3850 3851 3852 3875 3877 3881 3883 3885 3960 3965 3966 3969 3970 3979 3980 4078 4079 4089 4091 4094 4096 4122 4160 4205
    66   ...    5056 5059 5090 5191 5292 5303 5304 5371 5372 5384 5385 5386 5447 5449 5457 5458 5472 5504 5506 5508 5518 5519 5572 5578 5579 5580 5629 5635 5650 5659 5660 5695 5696 5697 5702 5709 5713 5741 5744 5747 5754 5755 5758 5798 5806 5807 5808 5822 5824 5829 5832 5900 5907 5908 5909 5910 5928 5930 5932 5933 5936 6010 6013 6014 6015 6038 6040 6044 6046 6048 6123 6128 6129 6132 6133 6142 6143 6241 6242 6252 6254 6257 6259 6281 6295 6331
    67   ...     413  415  431  440  453  457  465  466  474  475  483  494  495  511  512  522  532  546  572  573  583  584  594  609  645  658  666  786  824  846  898 6393 6402 6418 6436
    68   ...    1174 1239 1299 1974 2034 2078 2097 2127 2144 2157 2159 2207 2268 2288 2316 2380 2412 2438 2442 2447 2448 2480 2481 2482 2509 2559 2568 2573 2726 2727 2753 2771 2844 2848 2949 2987 3009 3061 3337 3402 3462
    69   ...    4137 4197 4241 4260 4290 4307 4320 4322 4370 4431 4451 4479 4543 4575 4601 4605 4610 4611 4643 4644 4645 4672 4722 4731 4736 4889 4890 4916 4934 5007 5011 5112 5150 5172 5224 5500 5565 5625
    70   ...     720  723  754  859  941 1070 1156 1160 1214 1217 1219 1345 1346 1348 1392 1395 1441 1446 1449 1450 1515 1517 1520 1534 1537 1538 1543 1613 1616 1634 1635 1639 1640 1641 1645 1725 1727 1728 1730 1731 1735 1737 1760 1761 1762 1765 1766 1857 1874 1879 1882 1894 1895 1940 1941 2069
    71   ...    2883 2886 2917 3022 3104 3233 3319 3323 3377 3380 3382 3508 3509 3511 3555 3558 3604 3609 3612 3613 3678 3680 3683 3697 3700 3701 3706 3776 3779 3797 3798 3802 3803 3804 3808 3888 3890 3891 3893 3894 3898 3900 3923 3924 3925 3928 3929 4020 4037 4042 4045 4057 4058 4103 4104 4232
    72   ...    5046 5049 5080 5185 5267 5396 5482 5486 5540 5543 5545 5671 5672 5674 5718 5721 5767 5772 5775 5776 5841 5843 5846 5860 5863 5864 5869 5939 5942 5960 5961 5965 5966 5967 5971 6051 6053 6054 6056 6057 6061 6063 6086 6087 6088 6091 6092 6183 6200 6205 6208 6220 6221 6266 6267 6347
    73   ...      51  111  112  113  141  142  143  150  164  165  166  177  187  196  197  208  218  229  238  250  262  274  275  284  292  308  318  326  334  344  778  812  837  906 6334 6391 6392 6412
    74   ...    1147 1204 1267 1965 2014 2052 2053 2090 2115 2138 2139 2185 2209 2271 2318 2335 2351 2354 2374 2375 2399 2415 2423 2431 2436 2451 2463 2490 2533 2605 2607 2613 2692 2791 2803 2809 2846 2941 2975 3000 3069 3310 3367 3430
    75   ...    4128 4177 4215 4216 4253 4278 4301 4302 4348 4372 4434 4481 4498 4514 4517 4537 4538 4562 4578 4586 4594 4599 4614 4626 4653 4696 4768 4770 4776 4855 4954 4966 4972 5009 5104 5138 5163 5232 5473 5530 5593
    76   ...     698  719  747  784  840  858  922  942  943  963 1009 1010 1011 1024 1025 1026 1096 1117 1157 1168 1169 1228 1229 1275 1282 1283 1284 1300 1343 1344 1352 1362 1396 1403 1405 1409 1442 1444 1445 1452 1454 1456 1462 1464 1467 1526 1529 1530 1531 1532 1533 1542 1549 1551 1553 1555 1558 1561 1626 1627 1628 1629 1630 1631 1638 1659 1660 1666 1667 1752 1753 1756 1759 1769 1774 1777 1778 1779 1782 1872 1875 1878 1883 1896 1942 1945 1975 1989 2072 2121
    77   ...    2861 2882 2910 2947 3003 3021 3085 3105 3106 3126 3172 3173 3174 3187 3188 3189 3259 3280 3320 3331 3332 3391 3392 3438 3445 3446 3447 3463 3506 3507 3515 3525 3559 3566 3568 3572 3605 3607 3608 3615 3617 3619 3625 3627 3630 3689 3692 3693 3694 3695 3696 3705 3712 3714 3716 3718 3721 3724 3789 3790 3791 3792 3793 3794 3801 3822 3823 3829 3830 3915 3916 3919 3922 3932 3937 3940 3941 3942 3945 4035 4038 4041 4046 4059 4105 4108 4138 4152 4235 4284
    78   ...    5024 5045 5073 5110 5166 5184 5248 5268 5269 5289 5335 5336 5337 5350 5351 5352 5422 5443 5483 5494 5495 5554 5555 5601 5608 5609 5610 5626 5669 5670 5678 5688 5722 5729 5731 5735 5768 5770 5771 5778 5780 5782 5788 5790 5793 5852 5855 5856 5857 5858 5859 5868 5875 5877 5879 5881 5884 5887 5952 5953 5954 5955 5956 5957 5964 5985 5986 5992 5993 6078 6079 6082 6085 6095 6100 6103 6104 6105 6108 6198 6201 6204 6209 6222 6268 6271 6286 6290 6350 6382
    79   ...      65   66   97  103  107  121  125  126  144  151  167  178  188  198  199  219  220  239  240  251  263  276  277  285  293  294  319  327  357  717  745  783  879 6335 6365 6477 6480
    80   ...    1207 1268 1337 1377 1977 1992 2045 2054 2055 2092 2109 2164 2166 2175 2298 2308 2312 2317 2324 2338 2352 2369 2395 2400 2416 2424 2432 2464 2491 2529 2587 2611 2630 2690 2693 2790 2804 2880 2908 2946 3042 3370 3431 3500 3540
    81   ...    4140 4155 4208 4217 4218 4255 4272 4327 4329 4338 4461 4471 4475 4480 4487 4501 4515 4532 4558 4563 4579 4587 4595 4627 4654 4692 4750 4774 4793 4853 4856 4953 4967 5043 5071 5109 5205 5533 5594 5663 5703
    82   ...     692  712  737  772  830  851  917  964  965 1124 1249 1304 1305 1367 1419 1420 1422 1474 1476 1478 1485 1486 1487 1488 1489 1490 1563 1566 1568 1576 1585 1586 1589 1590 1591 1593 1672 1675 1692 1693 1694 1697 1699 1786 1787 1788 1790 1796 1798 1808 1818 1820 1904 1911 1913 1914 1952 2087 2133
    83   ...    2855 2875 2900 2935 2993 3014 3080 3127 3128 3287 3412 3467 3468 3530 3582 3583 3585 3637 3639 3641 3648 3649 3650 3651 3652 3653 3726 3729 3731 3739 3748 3749 3752 3753 3754 3756 3835 3838 3855 3856 3857 3860 3862 3949 3950 3951 3953 3959 3961 3971 3981 3983 4067 4074 4076 4077 4115 4250 4296
    84   ...    5018 5038 5063 5098 5156 5177 5243 5290 5291 5450 5575 5630 5631 5693 5745 5746 5748 5800 5802 5804 5811 5812 5813 5814 5815 5816 5889 5892 5894 5902 5911 5912 5915 5916 5917 5919 5998 6001 6018 6019 6020 6023 6025 6112 6113 6114 6116 6122 6124 6134 6144 6146 6230 6237 6239 6240 6278 6362 6390
    85   ...     407  408  420  428  443  450  467  468  469  478  485  497  505  514  524  535  536  548  561  562  575  585  586  595  596  610  611  647  648  659  668  681  683  685  708  729  789  886 6369 6396 6486 6488
    86   ...    1175 1240 1278 1353 1983 2031 2100 2101 2148 2187 2204 2206 2228 2249 2306 2364 2386 2414 2437 2439 2443 2469 2470 2473 2501 2502 2561 2569 2588 2631 2649 2651 2656 2663 2664 2719 2722 2733 2736 2780 2784 2813 2871 2892 2952 3049 3338 3403 3441 3516
    87   ...    4146 4194 4263 4264 4311 4350 4367 4369 4391 4412 4469 4527 4549 4577 4600 4602 4606 4632 4633 4636 4664 4665 4724 4732 4751 4794 4812 4814 4819 4826 4827 4882 4885 4896 4899 4943 4947 4976 5034 5055 5115 5212 5501 5566 5604 5679
    88   ...     731  734  735  848  901 1032 1033 1122 1139 1140 1141 1149 1150 1181 1195 1196 1208 1247 1248 1255 1256 1269 1270 1271 1310 1325 1326 1327 1328 1338 1368 1414 1416 1423 1424 1430 1431 1433 1473 1483 1499 1501 1504 1505 1507 1508 1579 1587 1588 1594 1600 1603 1605 1608 1611 1685 1686 1690 1691 1698 1706 1710 1711 1713 1715 1716 1719 1721 1804 1805 1821 1829 1917 1927 1929 1960 1998 2043 2108 2675
    89   ...    2894 2897 2898 3011 3064 3195 3196 3285 3302 3303 3304 3312 3313 3344 3358 3359 3371 3410 3411 3418 3419 3432 3433 3434 3473 3488 3489 3490 3491 3501 3531 3577 3579 3586 3587 3593 3594 3596 3636 3646 3662 3664 3667 3668 3670 3671 3742 3750 3751 3757 3763 3766 3768 3771 3774 3848 3849 3853 3854 3861 3869 3873 3874 3876 3878 3879 3882 3884 3967 3968 3984 3992 4080 4090 4092 4123 4161 4206 4271
    90   ...     689 4838 5057 5060 5061 5174 5227 5358 5359 5448 5465 5466 5467 5475 5476 5507 5521 5522 5534 5573 5574 5581 5582 5595 5596 5597 5636 5651 5652 5653 5654 5664 5694 5740 5742 5749 5750 5756 5757 5759 5799 5809 5825 5827 5830 5831 5833 5834 5905 5913 5914 5920 5926 5929 5931 5934 5937 6011 6012 6016 6017 6024 6032 6036 6037 6039 6041 6042 6045 6047 6130 6131 6147 6155 6243 6253 6255 6282 6296 6332 6376
    91   ...     410  411  486  498  506  515  516  537  538  549  550  563  564  565  576  577  597  598  599  600  612  613  627  660  669  790  826 6383 6459
    92   ...    1120 1243 1301 1982 2030 2124 2146 2192 2238 2314 2333 2343 2387 2474 2503 2510 2562 2570 2571 2572 2657 2658 2659 2681 2713 2729 2731 2775 2786 2834 2953 2989 3283 3406 3464
    93   ...    4145 4193 4287 4309 4355 4401 4477 4496 4506 4550 4637 4666 4673 4725 4733 4734 4735 4820 4821 4822 4844 4876 4892 4894 4938 4949 4997 5116 5152 5446 5569 5627
    94   ...     721  724  725  841  992 1069 1071 1158 1216 1276 1393 1397 1398 1440 1443 1451 1457 1516 1518 1521 1535 1614 1617 1619 1632 1633 1636 1637 1642 1643 1646 1647 1729 1732 1734 1736 1739 1740 1746 1768 1770 1849 1856 1859 1877 1880 1884 1897 2070 2119 2644
    95   ...    2884 2887 2888 3004 3155 3232 3234 3321 3379 3439 3556 3560 3561 3603 3606 3614 3620 3679 3681 3684 3698 3777 3780 3782 3795 3796 3799 3800 3805 3806 3809 3810 3892 3895 3897 3899 3902 3903 3909 3931 3933 4012 4019 4022 4040 4043 4047 4060 4233 4282
    96   ...     409 4807 5047 5050 5051 5167 5318 5395 5397 5484 5542 5602 5719 5723 5724 5766 5769 5777 5783 5842 5844 5847 5861 5940 5943 5945 5958 5959 5962 5963 5968 5969 5972 5973 6055 6058 6060 6062 6065 6066 6072 6094 6096 6175 6182 6185 6203 6206 6210 6223 6348 6380
    97   ...      80  100  106  116  117  127  128  133  152  153  154  179  180  200  201  210  222  231  242  254  265  278  279  286  295  320  321  328  336  780  814 6287 6406
    98   ...    1209 1272 1378 1956 1969 1978 1999 2044 2050 2062 2163 2167 2169 2327 2337 2368 2376 2377 2396 2401 2434 2450 2455 2456 2465 2492 2534 2592 2608 2612 2633 2758 2762 2792 2943 2977 3372 3435 3541
    99   ...    4119 4132 4141 4162 4207 4213 4225 4326 4330 4332 4490 4500 4531 4539 4540 4559 4564 4597 4613 4618 4619 4628 4655 4697 4755 4771 4775 4796 4921 4925 4955 5106 5140 5535 5598 5704
   100   ...     699  701  829  857  893  986  987  988 1018 1019 1109 1170 1176 1215 1231 1232 1285 1286 1287 1288 1289 1290 1291 1292 1293 1342 1354 1355 1356 1357 1363 1364 1394 1406 1407 1465 1468 1527 1548 1556 1559 1624 1655 1661 1662 1663 1668 1669 1749 1757 1780 1783 1864 1870 1885 1886 1898 1901 1943 1946 2012 2073
   101   ...    2862 2864 2992 3020 3056 3149 3150 3151 3181 3182 3272 3333 3339 3378 3394 3395 3448 3449 3450 3451 3452 3453 3454 3455 3456 3505 3517 3518 3519 3520 3526 3527 3557 3569 3570 3628 3631 3690 3711 3719 3722 3787 3818 3824 3825 3826 3831 3832 3912 3920 3943 3946 4027 4033 4048 4049 4061 4064 4106 4109 4175 4236
   102   ...    5025 5027 5155 5183 5219 5312 5313 5314 5344 5345 5435 5496 5502 5541 5557 5558 5611 5612 5613 5614 5615 5616 5617 5618 5619 5668 5680 5681 5682 5683 5689 5690 5720 5732 5733 5791 5794 5853 5874 5882 5885 5950 5981 5987 5988 5989 5994 5995 6075 6083 6106 6109 6190 6196 6211 6212 6224 6227 6269 6272 6308 6351
   103   ...      84   85   86   87   88   89   92   94   96   99  147  170  171  191  211  223  243  255  256  266  267  280  287  288  296  297  313  314  315  329  337  696  716  781  815  839 6293 6297 6368 6482 6489
   104   ...    1964 1990 1995 2000 2095 2113 2149 2156 2165 2197 2198 2199 2214 2216 2218 2235 2355 2397 2402 2417 2435 2452 2457 2458 2486 2493 2531 2609 2614 2682 2694 2698 2708 2800 2805 2847 2859 2879 2944 2978 3002
   105   ...    4127 4153 4158 4163 4258 4276 4312 4319 4328 4360 4361 4362 4377 4379 4381 4398 4518 4560 4565 4580 4598 4615 4620 4621 4649 4656 4694 4772 4777 4845 4857 4861 4871 4963 4968 5010 5022 5042 5107 5141 5165
   106   ...     690  694  828  852  888  967  968  969  971 1306 1491 1564 1570 1595 1670 1673 1676 1677 1701 1704 1784 1789 1809 1830 1831 1909 1924 1925 1950 1951 1953 2088
   107   ...    2853 2857 2991 3015 3051 3130 3131 3132 3134 3469 3654 3727 3733 3758 3833 3836 3839 3840 3864 3867 3947 3952 3972 3993 3994 4072 4087 4088 4113 4114 4116 4251
   108   ...    5016 5020 5154 5178 5214 5293 5294 5295 5297 5632 5817 5890 5896 5921 5996 5999 6002 6003 6027 6030 6110 6115 6135 6156 6157 6235 6250 6251 6276 6277 6279 6363
   109   ...       1    2    3    4    5    6    7    8    9   10   98  155  172  192  193  212  224  225  244  257  268  269  281  289  298  323  330  338  776  807  835 6280 6284 6455
   110   ...      83  444  487  526  602  615  633  634  635  636  637  638  639  640  641  651  652  662  671  792  827  847 6288 6460 6468
   111   ...    1312 1313 1954 1957 1958 1970 1971 2089 2110 2136 2141 2177 2196 2200 2210 2211 2212 2213 2215 2234 2259 2319 2323 2553 2579 2606 2695 2745 2746 2759 2797 2806 2807 2939 2970 2998 3475 3476
   112   ...    3457 3458 3459 3465 3521 4124 4150 4387 4497 4528 4529 4568 4704 4727 4941 4944 4978 4990 4991 4992 4993 5000 5001 5002 5004 5013 5014 5118 5153 5173 5620 5621 5622 5628 5684
   113   ...    4117 4120 4121 4133 4134 4252 4273 4299 4304 4340 4359 4363 4373 4374 4375 4376 4378 4397 4422 4482 4486 4716 4742 4769 4858 4908 4909 4922 4960 4969 4970 5102 5133 5161 5638 5639
   114   ...    1294 1295 1296 1302 1358 1961 1987 2224 2334 2365 2366 2405 2541 2564 2778 2781 2815 2827 2828 2829 2830 2837 2838 2839 2841 2850 2851 2955 2990 3010
  ------------------------------------------------------------------------
